50
3
1 2 3
2 3 5
3 5 6
2 3 4
1 2 3
9
20 25 38 40 43 47 48 56 58
9 12 16 17 18 22 25 27 32
25 32 43 44 51 52 58 64 67
5 9 14 18 19 20 23 28 29
23 25 35 36 42 43 48 53 58
15 17 25 30 34 35 36 45 47
19 21 30 34 36 40 43 47 51
5 8 13 15 16 19 20 21 25
29 35 43 47 52 55 58 60 67
13 16 23 28 30 34 35 40 43
14 19 23 25 30 34 38 40 43
18 20 28 30 32 39 40 43 44
19 22 34 39 40 41 43 53 55
20 22 34 35 38 41 47 49 52
28 32 40 45 49 53 56 59 64
16 18 30 32 36 38 42 49 52
21 27 40 43 47 49 53 59 60
7
29 30 31 32 33 34 35
1 2 3 4 5 6 7
3 10 17 24 31 38 45
6 13 20 27 34 41 48
22 23 24 25 26 27 28
7 14 21 28 35 42 49
43 44 45 46 47 48 49
5 12 19 26 33 40 47
1 8 15 22 29 36 43
15 16 17 18 19 20 21
4 11 18 25 32 39 46
2 9 16 23 30 37 44
36 37 38 39 40 41 42
3
1 4 7
4 6 8
1 2 5
7 9 10
5 8 10
2
2 6
2 4
4 8
7
1 2 3 4 5 6 22
22 24 26 29 31 32 34
4 9 13 16 17 18 28
5 10 14 17 19 20 30
1 2 3 4 5 6 23
2 7 8 9 10 11 25
6 11 15 18 20 21 32
4 9 13 16 17 18 29
3 8 12 13 14 15 27
23 25 27 28 30 33 34
6 11 15 18 20 21 33
5 10 14 17 19 20 31
3 8 12 13 14 15 26
3
1 2 3
2 3 4
2 3 4
3 4 5
3 4 5
4
50 81 83 117
22 42 62 81
15 42 57 65
4 22 29 52
52 65 99 117
4 15 34 50
29 57 77 83
10
10 14 16 19 21 23 25 26 28 29
6 9 11 14 16 18 19 20 21 24
7 8 12 14 16 18 19 20 21 22
9 12 13 18 19 20 21 23 26 27
12 13 17 19 20 21 25 26 28 30
6 7 10 11 12 13 16 18 19 20
2 3 5 6 8 9 10 11 12 13
13 15 18 20 22 23 26 27 30 32
12 17 19 21 24 27 28 30 31 33
13 19 20 22 26 28 30 32 34 36
10 11 15 18 19 20 23 25 27 28
5 8 10 12 14 15 17 18 20 22
14 16 20 21 24 26 28 30 31 34
4 6 8 9 11 12 14 16 17 19
9 10 14 16 17 19 21 22 24 26
8 11 12 16 17 19 20 22 24 25
16 17 22 24 25 27 29 32 33 36
11 16 18 20 22 25 26 27 30 32
2 4 6 7 9 10 12 13 14 16
2
2 22
22 222
2 22
3
1 2 3
2 3 4
1 2 3
3 4 5
2 3 4
4
2 3 4 5
3 4 5 6
2 3 4 5
1 2 3 4
4 5 6 7
3 4 5 6
4 5 6 7
3
1 2 3
1 2 3
3 4 5
2 3 4
3 4 5
6
3 5 10 15 20 24
21 22 30 33 40 41
8 12 16 17 21 26
24 26 29 34 39 41
10 16 18 25 29 30
14 20 25 27 32 34
3 8 11 14 18 21
15 17 22 27 32 33
20 21 23 32 37 40
18 21 29 32 37 39
5 12 16 20 21 22
7
1 2 4 6 7 8 10
2 5 6 7 9 10 13
4 6 9 11 12 13 15
9 10 14 16 18 20 22
1 3 4 5 7 9 11
5 7 10 13 15 17 19
3 5 7 9 10 11 12
7 9 12 14 17 19 21
6 9 11 13 14 16 18
11 13 15 18 20 21 24
8 11 13 17 19 20 21
10 12 15 19 21 22 24
4 7 9 10 12 14 15
10
3 11 18 19 20 21 22 23 24 51
2 10 11 12 13 14 15 16 17 49
47 49 50 53 54 56 58 61 63 64
6 14 21 27 32 36 37 38 39 56
4 12 19 25 26 27 28 29 30 52
5 13 20 26 31 32 33 34 35 55
9 17 24 30 35 39 42 44 45 63
1 2 3 4 5 6 7 8 9 47
2 10 11 12 13 14 15 16 17 48
4 12 19 25 26 27 28 29 30 53
7 15 22 28 33 37 40 41 42 59
6 14 21 27 32 36 37 38 39 57
3 11 18 19 20 21 22 23 24 50
9 17 24 30 35 39 42 44 45 62
8 16 23 29 34 38 41 43 44 61
1 2 3 4 5 6 7 8 9 46
8 16 23 29 34 38 41 43 44 60
5 13 20 26 31 32 33 34 35 54
7 15 22 28 33 37 40 41 42 58
7
10 12 18 20 23 26 27
6 9 12 13 16 17 19
4 9 12 13 15 18 20
13 14 20 22 25 28 31
7 12 16 18 22 23 25
5 10 13 16 19 20 22
7 10 13 16 18 21 23
12 17 19 23 25 27 31
3 6 9 10 11 12 14
1 4 6 7 8 10 13
9 14 17 21 24 26 28
1 3 4 5 7 9 12
4 6 9 10 12 14 17
9
1 3 4 5 8 12 16 17 18
12 16 19 24 27 30 31 37 39
1 3 5 9 11 13 17 21 23
13 15 19 23 27 30 31 33 36
8 15 17 20 22 27 30 34 37
9 11 12 19 20 24 25 29 32
17 20 24 29 31 33 36 44 46
3 5 8 12 15 16 17 20 22
4 8 10 12 14 19 22 29 31
21 25 29 31 34 37 41 44 45
23 27 31 32 37 39 45 46 48
3 5 6 11 12 15 20 25 27
5 12 16 19 21 23 25 31 32
17 20 22 25 30 31 32 36 39
11 12 14 21 22 27 30 31 35
5 6 10 16 17 19 21 24 25
16 17 21 25 30 31 32 41 45
4
3 5 6 12
8 10 11 13
3 5 6 11
7 9 12 13
2 4 5 10
1 2 3 8
1 2 3 7
2
4 8
2 4
6 8
6
2 4 5 6 8 10
4 5 7 8 10 11
9 11 12 14 16 17
6 8 10 12 13 15
7 10 11 13 14 16
8 10 11 13 14 16
2 3 4 6 7 9
6 8 10 12 13 14
5 6 8 10 11 12
10 12 13 15 16 17
3 5 6 8 10 12
8
9 17 20 21 23 25 28 32
5 12 15 17 20 21 24 27
11 18 21 22 25 31 34 36
12 23 26 28 30 34 35 36
7 10 15 16 20 23 26 28
3 4 5 6 9 11 12 13
15 24 27 30 32 35 36 39
4 9 10 13 16 18 21 24
12 21 24 27 28 33 35 37
6 9 12 15 17 20 23 24
8 13 17 19 21 25 28 31
11 20 23 25 28 31 33 35
6 15 16 19 21 22 27 30
3 6 7 8 9 11 12 15
13 24 28 31 32 36 37 39
7
3 4 6 7 8 10 12
9 10 12 15 16 19 22
3 4 5 7 10 11 12
2 3 4 5 7 9 11
8 10 12 13 15 16 17
6 7 9 11 13 15 16
9 11 14 16 18 19 20
11 12 16 17 20 22 24
4 5 8 9 10 12 13
11 12 13 16 17 20 24
2 3 4 6 8 9 11
7 8 10 13 15 18 20
4 6 8 9 12 14 16
4
3 6 7 9
4 6 7 9
5 7 9 10
1 3 4 5
5 8 9 10
2 5 6 8
3 5 6 7
10
11 13 15 16 17 21 22 24 26 28
15 17 18 20 23 25 26 28 29 31
7 8 10 11 14 15 16 19 20 22
15 17 19 21 22 23 26 27 29 31
8 9 11 12 15 16 17 21 23 24
13 15 17 19 21 23 24 25 27 29
16 18 20 22 24 27 28 30 31 32
11 13 14 15 19 20 22 24 26 28
5 7 9 10 12 14 15 17 18 20
9 11 14 15 16 19 20 21 23 25
3 4 6 7 8 11 13 15 17 18
17 18 21 22 23 25 28 29 31 32
9 11 13 14 17 19 21 23 25 27
4 6 9 10 11 13 14 16 19 21
2 3 5 7 8 9 11 13 15 17
7 8 12 14 15 17 19 20 22 23
13 15 16 18 20 21 24 25 28 30
3 4 7 8 9 11 13 15 17 18
5 7 10 11 12 14 15 18 21 22
7
3 5 6 8 9 10 12
9 12 14 18 20 21 24
2 3 4 5 6 8 9
9 14 16 18 21 23 24
6 10 13 15 17 19 20
2 3 4 5 6 7 9
4 6 9 11 13 14 16
6 9 12 14 17 19 21
8 10 13 16 19 20 23
5 8 11 13 15 16 18
3 5 7 8 10 12 14
7 12 14 16 19 20 21
5 8 11 13 14 16 18
2
2 6
6 8
2 4
9
17 18 30 33 38 39 42 46 51
16 18 23 27 30 31 38 43 47
5 6 11 16 18 20 24 25 33
1 5 8 12 13 16 17 20 22
17 20 26 30 32 34 39 45 48
8 13 18 20 23 26 27 31 37
20 23 35 39 43 45 48 50 56
8 11 18 22 25 26 30 35 39
16 17 26 30 31 34 41 45 50
23 25 31 35 41 45 46 50 57
12 14 22 26 27 30 31 35 39
1 4 8 13 16 17 20 23 28
22 28 39 44 47 48 53 57 61
13 16 20 26 27 30 33 39 44
4 6 13 14 15 17 18 23 28
28 33 37 39 42 50 51 56 61
20 24 27 31 36 41 42 48 53
4
8 9 13 14
1 3 4 7
3 6 7 9
6 7 10 13
4 6 8 10
1 4 6 8
4 8 10 13
6
9 15 19 22 23 24
2 4 8 9 12 15
12 19 23 26 28 30
5 7 13 19 23 27
11 13 16 23 28 32
4 5 12 15 19 22
12 16 18 24 30 36
7 9 15 22 26 31
2 4 5 7 11 12
8 12 13 15 16 18
4 5 7 9 13 16
7
2 3 4 5 6 7 8
2 3 4 5 6 7 8
4 5 6 7 8 9 10
3 4 5 6 7 8 9
7 8 9 10 11 12 13
4 5 6 7 8 9 10
6 7 8 9 10 11 12
5 6 7 8 9 10 11
3 4 5 6 7 8 9
1 2 3 4 5 6 7
1 2 3 4 5 6 7
6 7 8 9 10 11 12
7 8 9 10 11 12 13
10
3 4 5 8 10 12 15 17 20 23
5 12 15 17 18 20 22 23 27 28
4 9 12 13 14 16 19 22 25 27
10 14 18 20 21 25 28 29 34 36
6 9 12 14 16 18 21 23 26 29
20 25 27 30 31 33 36 39 41 42
20 26 28 31 34 35 36 39 41 44
8 13 17 19 20 23 26 27 31 35
14 19 22 25 26 27 33 35 36 39
12 18 21 23 25 26 27 28 33 37
8 14 16 19 20 23 25 26 30 33
17 23 25 27 29 34 35 38 39 41
23 29 32 35 36 38 39 41 42 45
22 27 28 33 34 37 39 41 44 45
3 6 7 8 10 11 14 17 20 22
11 16 20 23 24 26 31 34 35 38
17 22 23 26 27 28 34 38 39 41
7 12 15 16 17 21 22 25 28 32
10 16 17 20 21 24 26 27 31 34
10
1 2 3 4 5 6 7 8 9 10
7 17 27 37 47 57 67 77 87 97
10 20 30 40 50 60 70 80 90 100
81 82 83 84 85 86 87 88 89 90
2 12 22 32 42 52 62 72 82 92
4 14 24 34 44 54 64 74 84 94
31 32 33 34 35 36 37 38 39 40
61 62 63 64 65 66 67 68 69 70
11 12 13 14 15 16 17 18 19 20
71 72 73 74 75 76 77 78 79 80
1 11 21 31 41 51 61 71 81 91
91 92 93 94 95 96 97 98 99 100
41 42 43 44 45 46 47 48 49 50
21 22 23 24 25 26 27 28 29 30
8 18 28 38 48 58 68 78 88 98
9 19 29 39 49 59 69 79 89 99
3 13 23 33 43 53 63 73 83 93
6 16 26 36 46 56 66 76 86 96
51 52 53 54 55 56 57 58 59 60
2
4 8
2 6
6 8
7
17 18 23 26 29 30 33
6 7 8 11 13 15 18
11 13 14 17 19 24 29
9 10 12 13 17 21 24
7 9 11 12 14 18 21
15 18 21 24 25 27 33
14 15 18 21 24 25 30
15 17 20 22 24 25 27
3 4 5 8 11 14 15
8 11 12 13 17 22 26
4 7 9 10 14 17 18
3 6 7 9 12 15 17
12 14 16 17 19 24 25
10
7 8 9 10 11 12 13 14 15 16
9 10 11 12 13 14 15 16 17 18
5 6 7 8 9 10 11 12 13 14
6 7 8 9 10 11 12 13 14 15
10 11 12 13 14 15 16 17 18 19
3 4 5 6 7 8 9 10 11 12
4 5 6 7 8 9 10 11 12 13
2 3 4 5 6 7 8 9 10 11
3 4 5 6 7 8 9 10 11 12
8 9 10 11 12 13 14 15 16 17
10 11 12 13 14 15 16 17 18 19
8 9 10 11 12 13 14 15 16 17
4 5 6 7 8 9 10 11 12 13
1 2 3 4 5 6 7 8 9 10
6 7 8 9 10 11 12 13 14 15
9 10 11 12 13 14 15 16 17 18
7 8 9 10 11 12 13 14 15 16
5 6 7 8 9 10 11 12 13 14
1 2 3 4 5 6 7 8 9 10
10
31 48 59 96 136 141 156 183 189 193
1 20 43 66 89 102 119 122 141 153
153 172 193 234 251 286 287 313 327 347
7 41 56 91 115 125 143 165 168 172
62 95 109 148 186 206 208 248 275 287
141 168 189 220 243 265 275 289 297 317
102 125 141 154 180 185 206 216 237 261
103 124 135 187 214 261 273 284 317 347
48 82 101 124 169 185 201 227 265 286
74 97 130 167 199 216 234 260 289 313
43 56 59 79 88 101 109 130 133 135
33 64 79 102 145 154 171 206 220 234
82 100 133 185 202 237 238 282 297 327
43 72 88 121 157 180 194 224 243 251
122 165 183 206 224 227 248 260 282 284
119 143 156 171 194 201 208 234 238 273
66 91 96 102 121 124 148 167 185 187
1 7 31 33 43 48 62 74 82 103
89 115 136 145 157 169 186 199 202 214
8
22 24 27 31 34 42 47 49
24 28 29 32 36 47 52 54
18 21 24 28 30 39 40 46
6 11 14 17 18 23 27 29
6 14 17 20 22 24 27 29
10 17 21 26 27 28 31 32
16 19 22 27 29 36 38 43
1 4 6 10 15 19 21 22
1 6 11 13 16 18 22 24
13 15 20 26 27 32 35 36
15 18 25 27 29 30 34 36
21 27 31 35 38 40 47 52
11 13 17 21 25 29 31 35
22 29 35 36 43 46 49 54
4 11 13 15 19 21 24 28
2
22 222
22 222
2 22
7
58 64 81 89 123 130 148
33 39 57 64 101 123 135
39 57 66 87 106 116 141
8 19 39 58 81 83 107
19 39 43 63 68 84 100
8 33 35 39 42 52 77
42 68 106 123 133 160 187
77 100 141 148 177 187 202
35 43 66 81 103 128 142
39 63 87 89 125 147 168
107 135 142 168 187 188 202
83 123 128 147 160 169 187
52 84 116 130 158 169 188
8
4 5 7 8 12 15 16 18
6 11 15 16 21 25 29 31
8 15 16 20 24 28 29 33
14 17 21 28 30 33 36 39
15 20 22 29 32 34 39 43
5 9 11 14 15 17 20 22
7 14 16 20 24 28 30 35
4 5 6 7 10 14 15 18
18 22 25 33 34 38 40 45
16 25 29 30 35 36 39 40
7 13 15 16 19 21 22 25
15 22 25 28 32 33 34 38
5 9 13 15 19 22 25 29
12 19 21 24 26 30 32 34
10 15 19 24 26 32 35 38
7
8 9 10 14 15 18 20
19 26 30 34 38 40 44
21 29 34 35 42 45 46
4 6 9 11 13 15 16
15 18 23 31 34 40 45
13 20 24 26 27 31 34
13 15 22 27 29 38 42
12 16 19 21 22 23 27
11 14 21 26 27 34 35
4 8 12 13 15 19 21
9 10 19 24 26 30 34
6 9 16 20 23 26 29
16 20 27 34 38 44 46
4
1 5 9 13
4 8 12 16
5 6 7 8
13 14 15 16
3 7 11 15
1 2 3 4
2 6 10 14
3
4 6 8
5 6 8
3 4 6
3 4 6
2 3 4
7
5 7 10 12 15 18 20
15 20 22 26 29 30 31
11 15 17 21 23 25 27
12 14 20 23 25 26 30
13 18 19 24 25 26 28
15 18 23 26 27 28 31
8 12 16 18 20 23 26
6 8 13 16 17 19 22
2 4 6 8 11 13 15
2 5 6 7 9 12 15
9 11 17 20 23 25 29
7 10 16 18 21 24 26
4 7 8 10 11 14 18
4
2 3 5 7
4 5 7 9
1 2 4 5
1 2 3 5
5 7 9 10
3 5 7 8
5 7 8 10
10
6 8 11 15 19 23 26 27 29 31
5 8 12 14 18 19 21 24 25 26
23 26 34 40 42 47 52 56 57 59
14 19 23 27 32 36 37 41 45 47
13 15 19 22 26 27 31 34 37 40
20 23 26 28 29 36 40 42 44 47
10 18 19 26 28 29 33 34 38 42
22 25 31 37 39 44 49 52 54 58
20 24 27 34 37 42 46 50 52 55
3 6 7 9 10 14 17 20 22 23
17 19 22 26 28 32 36 37 39 42
22 26 29 30 33 37 41 46 49 52
23 27 30 33 34 41 42 50 52 56
26 31 36 40 42 47 51 55 58 59
7 12 14 19 22 26 29 30 32 36
3 5 9 13 17 20 22 23 24 26
17 21 26 31 36 40 41 42 48 51
24 29 32 36 38 45 48 52 54 57
9 14 15 22 26 28 30 33 36 40
3
5 8 10
4 7 9
1 3 4
3 7 8
4 9 10
3
3 5 7
5 6 8
3 5 6
2 3 4
4 7 8
3
2 4 6
4 5 8
5 6 10
4 5 6
6 8 10
