1000
770
241
948
583
953
913
745
845
3
1
595
314
800
628
672
217
411
978
820
515
460
438
400
884
815
368
29
429
327
652
248
100
416
809
436
470
667
787
617
223
471
596
776
787
470
436
949
704
244
294
807
926
253
124
105
582
86
930
446
875
811
95
314
209
217
85
336
628
642
605
297
7
166
279
237
249
836
885
652
490
385
651
611
323
998
583
777
262
952
887
876
709
111
918
26
55
992
155
654
197
194
94
819
124
577
817
855
597
677
594
285
489
559
721
747
142
847
403
552
599
546
229
997
950
173
695
52
308
449
754
349
926
201
274
412
7
206
706
225
687
978
637
725
702
896
508
9
681
613
773
607
216
619
642
232
563
587
137
396
826
683
214
616
950
315
204
969
51
859
599
134
782
716
127
544
647
787
764
481
879
982
958
502
211
382
791
904
919
745
288
341
97
606
830
829
265
707
449
799
360
233
437
165
329
755
434
580
855
190
715
627
767
699
661
39
733
159
635
597
287
426
959
121
64
694
532
592
272
185
613
178
323
878
404
99
830
954
125
97
701
422
496
111
556
234
809
504
338
250
427
115
425
871
502
320
508
961
6
719
840
788
655
414
536
818
565
60
398
137
789
332
614
685
92
722
263
740
642
976
898
495
759
949
617
757
141
968
475
27
379
774
114
150
125
223
39
737
201
2
540
484
827
524
250
347
650
402
470
999
208
155
253
805
932
1
708
253
573
592
972
844
850
542
758
591
667
619
786
602
426
96
807
321
850
55
602
260
793
827
457
432
78
276
662
916
789
1
953
312
691
144
963
811
700
33
335
836
910
671
157
721
632
737
247
361
249
607
611
20
558
983
578
550
543
624
520
600
575
828
321
232
759
864
341
20
272
52
692
666
802
78
682
470
945
655
699
417
587
217
271
788
114
752
981
522
439
830
559
794
890
966
29
721
223
928
902
152
55
127
87
992
82
611
418
649
594
134
529
571
910
648
289
910
592
166
275
881
570
805
464
486
2
98
873
802
856
995
308
399
916
753
872
888
628
571
931
677
924
821
618
713
633
623
58
563
605
400
936
390
932
253
881
11
7
612
495
148
905
734
835
180
358
678
453
279
7
939
75
384
215
311
612
734
587
843
461
897
754
607
47
93
456
415
79
510
50
844
400
582
437
333
617
584
283
697
772
924
302
144
847
717
963
600
686
49
620
419
992
5
17
921
30
507
762
131
14
126
725
841
617
717
580
49
763
625
505
778
817
223
341
208
520
83
445
650
401
770
425
773
581
428
223
847
433
875
553
856
564
290
890
12
227
984
49
484
167
281
441
676
787
15
244
776
969
631
688
526
19
990
116
529
178
124
864
115
3
299
950
395
7
629
826
156
409
520
490
685
80
349
169
200
202
242
701
926
476
436
921
239
761
548
768
367
596
954
704
214
400
662
273
620
638
661
326
494
84
668
540
635
884
912
507
56
621
658
914
636
56
837
996
73
66
475
571
774
921
573
644
758
808
963
87
849
641
347
248
840
357
822
694
579
900
591
958
8
232
873
299
319
638
842
469
921
159
450
728
805
334
469
941
171
81
921
492
19
714
85
281
388
412
128
112
909
229
829
933
43
257
888
946
623
388
316
752
206
848
808
791
392
837
49
561
908
337
385
559
87
651
413
316
716
655
521
804
235
67
637
674
365
684
284
209
971
642
817
210
81
274
203
828
11
500
262
451
178
367
604
857
818
392
957
55
328
259
447
420
753
412
229
104
369
784
276
18
690
795
928
821
45
658
603
538
554
853
748
802
619
761
184
817
736
685
924
615
866
74
342
40
956
65
362
166
154
48
51
508
957
119
252
455
688
940
799
388
69
840
192
590
272
364
655
668
334
967
389
998
293
761
532
173
652
257
603
751
781
551
815
480
829
775
545
982
642
913
256
755
81
597
955
630
900
632
741
594
343
106
931
914
284
795
177
643
10
801
640
611
58
659
526
14
697
479
489
247
267
377
190
211
688
76
311
2
825
15
231
869
939
59
692
31
806
943
552
711
595
467
515
230
799
363
435
904
173
305
288
48
527
847
348
218
154
105
977
704
779
899
754
475
499
664
556
902
813
212
24
639
772
912
725
851
969
600
635
941
710
810
845
767
345
275
9
426
633
432
641
685
718
519
458
352
546
13
826
272
815
138
680
143
456
991
828
593
436
969
620
272
923
424
361
472
168
797
99
657
561
230
199
710
986
837
847
893
69
417
280
469
639
102
235
65
515
266
263
305
451
213
188
828
473
342
