122
8 2 34 93
544 920
465 339
72 885
332 861
174 388
211 223
117 999
83 824
167 93
272 435
10 6 15 73
456 386
897 490
322 323
967 649
660 293
83 966
915 883
916 518
749 801
110 505
66 758
231 210
383 936
520 414
429 590
18 550
5 2 3 45
694 594
178 127
273 821
953 888
702 513
304 8
955 338
7 1 76 75
694 212
567 223
498 875
860 710
991 292
281 68
735 469
337 942
9 6 34 54
256 132
442 324
61 612
545 711
406 531
753 390
474 863
985 634
529 713
44 625
261 905
8 995
648 930
107 665
9 439
10 10 4 31
534 118
880 585
586 569
124 436
308 12
480 972
127 356
430 628
499 863
64 421
113 809
593 354
653 656
916 787
161 92
888 765
889 662
350 600
38 291
763 843
6 1 36 69
864 959
155 433
444 556
176 175
547 687
86 920
161 675
1 3 59 9
388 380
347 28
925 452
755 609
7 1 90 49
636 264
500 458
15 934
519 393
684 229
616 55
353 89
973 788
7 8 62 24
50 940
101 346
186 25
305 745
127 949
798 799
332 424
778 819
742 876
155 473
989 823
715 461
765 880
660 890
906 199
8 6 75 58
379 128
156 260
177 199
641 353
507 576
312 696
778 97
375 656
738 140
789 43
120 283
361 857
655 301
203 276
7 7 4 7
850 225
379 356
637 867
57 326
742 493
81 734
227 263
470 976
19 446
212 147
778 470
586 529
984 523
501 81
8 6 12 75
668 760
848 100
670 339
51 303
327 639
962 971
249 116
935 47
393 937
132 923
270 175
307 328
68 995
250 339
5 7 74 90
241 654
641 377
936 598
181 992
270 807
125 838
995 807
410 773
61 996
442 947
337 907
593 303
6 6 55 24
475 601
503 28
302 243
875 594
315 183
970 399
925 961
386 295
592 605
732 845
879 277
267 893
6 2 33 12
734 48
57 182
587 336
768 990
370 385
510 423
338 666
164 598
5 8 12 75
283 54
24 307
608 656
295 829
460 654
336 724
461 43
621 525
694 198
17 954
882 985
300 828
655 303
7 4 43 13
312 630
461 688
761 17
886 645
752 955
278 486
695 516
407 98
76 799
937 723
884 716
5 7 68 20
995 91
715 311
163 198
46 701
969 169
685 345
378 105
244 804
102 606
880 553
632 308
88 246
8 5 35 89
821 664
53 206
929 662
136 549
73 570
883 334
671 145
797 575
819 573
937 441
560 56
920 454
744 238
10 8 55 58
77 259
584 339
636 402
294 310
168 523
245 337
877 913
865 638
32 859
684 359
115 761
136 202
625 675
788 126
555 136
351 781
434 910
532 729
5 8 88 84
277 667
193 578
681 392
881 109
326 49
364 189
403 608
353 466
356 221
446 215
486 250
505 380
87 257
6 1 72 62
765 267
697 429
130 555
295 142
955 206
394 89
51 909
10 7 44 95
735 465
360 449
687 806
391 197
879 272
327 305
663 692
301 507
510 527
911 960
797 136
432 913
903 211
83 538
810 624
595 194
397 163
1 4 10 6
429 966
426 993
511 72
147 200
473 709
9 5 31 43
936 664
802 133
761 793
613 636
820 469
111 680
199 545
37 200
439 806
898 846
220 96
112 309
170 381
84 55
8 3 60 38
424 248
679 60
615 970
342 318
576 266
308 899
772 951
526 678
477 847
290 385
103 665
5 6 70 93
570 120
640 463
556 982
136 531
143 646
228 277
34 683
279 403
42 258
698 721
956 105
2 10 24 80
490 734
650 772
524 977
298 525
103 587
632 489
727 973
450 330
483 487
209 455
797 32
404 21
8 2 35 12
224 614
462 595
973 93
137 188
98 245
98 732
713 495
65 186
571 627
795 603
10 2 50 83
48 608
430 811
776 652
343 315
147 824
503 264
166 546
540 549
861 143
132 152
86 287
393 543
9 5 65 63
282 612
36 570
600 971
386 219
957 895
176 237
384 303
830 556
138 703
575 596
659 303
515 609
867 553
636 834
9 5 83 92
837 865
321 695
120 752
283 331
873 51
908 885
343 109
986 365
335 46
312 44
380 268
763 330
111 956
843 484
1 3 77 99
21 120
723 951
633 654
978 173
5 1 98 83
695 766
177 293
736 335
502 61
430 769
875 999
9 6 18 12
755 646
244 113
971 974
474 674
758 52
901 786
647 870
117 223
190 161
773 37
462 457
484 764
71 703
331 755
623 373
10 1 12 35
94 888
948 740
277 116
241 542
745 556
932 843
897 368
723 287
576 27
46 430
333 197
5 5 21 80
986 487
998 974
138 717
201 323
209 897
720 735
798 866
513 274
277 42
748 266
9 10 28 58
687 964
281 942
524 710
311 734
969 876
50 217
409 844
523 120
688 496
932 873
875 141
708 870
713 509
839 258
869 432
176 445
718 291
313 536
527 106
3 10 19 48
202 758
937 847
298 821
139 990
925 647
379 726
995 216
312 135
633 235
840 148
135 973
907 857
747 242
9 1 57 75
916 843
16 229
489 337
264 850
964 362
341 128
166 431
30 649
995 768
228 736
10 9 59 32
670 303
534 337
587 820
152 658
535 954
170 518
662 886
876 680
954 650
206 762
572 401
844 672
537 558
213 31
87 949
84 9
577 408
113 103
638 135
1 8 89 53
509 42
868 138
513 591
72 671
523 200
545 644
802 417
725 103
5 620
2 5 71 78
503 8
879 611
507 626
588 695
129 110
348 232
561 40
3 10 52 85
301 725
932 201
70 874
192 36
408 416
256 34
661 604
945 426
253 172
266 244
195 326
548 142
784 475
1 10 73 13
839 239
979 436
701 209
765 438
552 212
943 945
874 637
378 618
519 421
884 585
811 138
7 5 18 85
44 18
417 873
504 822
840 149
652 498
20 855
699 408
668 77
807 660
913 570
373 806
42 838
6 3 59 25
984 78
876 736
52 202
776 394
34 233
707 572
611 399
183 154
348 837
1 4 40 72
975 186
840 254
469 214
334 708
79 499
10 6 43 89
508 444
693 4
465 232
242 917
876 285
131 577
621 224
99 568
552 750
59 562
746 331
499 129
231 6
151 981
888 208
904 518
8 7 37 100
698 729
589 129
917 353
99 271
797 356
211 965
934 949
490 879
959 372
710 36
193 508
860 923
676 339
372 712
1000 682
10 7 75 22
728 346
537 784
514 634
468 995
294 966
470 573
974 312
167 504
128 71
676 53
742 906
841 121
384 981
897 720
586 755
255 264
89 592
4 7 21 67
984 968
335 893
745 640
430 565
780 640
261 286
146 199
466 54
403 411
301 710
201 762
8 4 34 25
167 23
215 320
710 725
608 630
118 39
300 835
76 317
559 539
255 190
626 253
287 646
827 443
2 2 58 21
982 905
329 349
607 878
970 196
7 1 1 82
356 541
620 511
491 776
110 871
523 954
865 409
371 931
874 35
7 8 32 28
204 558
482 992
999 295
278 276
14 437
723 944
955 278
460 457
885 615
478 365
865 433
578 29
999 529
179 590
276 587
5 4 81 21
687 617
746 337
78 327
349 610
999 296
912 909
542 795
529 557
701 332
5 5 7 30
122 888
979 803
194 167
651 74
821 870
383 746
342 986
344 490
980 783
449 483
1 9 58 92
679 248
32 979
12 434
707 122
133 535
398 189
474 431
385 83
270 926
722 141
7 8 31 24
318 610
472 935
782 797
180 335
540 530
758 253
810 999
216 266
596 944
544 234
847 728
292 946
39 909
966 409
889 245
7 4 37 43
886 992
862 336
19 768
319 400
393 784
61 697
852 219
393 904
122 449
657 733
5 929
3 1 65 91
34 697
602 60
853 652
624 76
7 3 74 2
823 49
352 631
461 955
959 675
46 694
817 338
108 518
413 817
389 265
904 623
6 1 91 69
454 551
203 238
399 655
86 445
195 520
961 718
401 618
3 8 20 92
118 387
756 205
317 770
647 678
813 375
606 743
572 715
85 177
370 608
961 514
814 4
2 10 59 100
171 711
966 968
48 598
853 928
366 642
54 817
119 758
404 149
907 853
961 39
544 3
727 141
1 1 21 39
779 988
470 630
2 5 25 13
999 842
312 103
520 33
198 549
69 908
570 514
749 821
4 9 76 95
240 468
752 623
26 661
977 174
271 648
73 921
892 935
817 469
2 586
621 958
247 374
215 919
690 203
7 4 73 42
844 158
726 997
228 109
824 868
357 729
537 948
345 404
812 386
669 829
126 974
897 107
7 1 42 35
621 454
239 64
627 268
995 775
194 790
195 831
299 709
16 979
7 9 17 49
307 347
326 768
947 266
638 364
13 913
288 268
293 396
576 467
822 100
343 882
820 951
769 918
749 803
275 362
737 455
421 96
4 9 73 40
762 253
413 964
80 294
378 705
442 664
22 547
145 34
416 284
467 635
789 650
218 838
320 230
781 325
1 8 26 95
863 837
166 195
517 548
530 432
452 446
920 559
93 718
168 615
99 893
10 8 74 85
574 370
836 857
488 545
180 30
814 219
824 553
444 864
897 942
60 726
292 585
819 576
236 299
283 164
919 994
909 435
416 866
464 746
40 950
8 10 80 48
336 59
139 214
194 590
9 46
450 959
5 58
845 267
425 87
446 825
29 773
537 119
140 111
143 599
464 692
62 296
436 691
540 511
781 189
10 6 22 8
495 424
188 732
530 309
762 658
374 229
109 506
498 188
744 820
826 811
728 447
114 285
603 614
752 294
746 269
705 424
687 518
8 9 33 39
51 731
283 926
663 78
490 694
327 176
910 223
587 846
737 63
356 13
863 407
439 666
443 226
359 427
194 210
468 796
763 789
736 118
2 2 88 65
166 768
171 121
182 763
854 389
8 4 43 58
54 21
177 829
367 329
254 172
335 221
85 324
827 131
743 252
43 693
564 958
351 509
345 898
5 8 10 13
333 122
225 820
62 213
893 520
54 478
52 144
984 820
535 790
445 286
736 257
591 578
379 312
930 938
4 7 56 21
87 710
620 430
883 243
878 945
651 81
566 848
929 790
102 122
170 84
635 132
485 151
10 7 32 71
668 236
66 106
175 952
844 951
976 584
758 542
780 297
376 374
478 922
684 583
266 831
57 831
192 172
389 869
626 359
178 273
846 609
10 9 1 59
704 464
658 996
595 556
956 386
218 661
687 764
678 857
520 256
409 826
992 711
193 929
502 611
908 607
786 818
541 587
44 6
65 214
601 762
336 843
6 6 98 35
131 353
488 829
603 366
454 900
158 250
758 936
544 287
218 434
779 327
7 272
18 862
467 153
3 2 33 54
403 530
192 776
347 441
870 403
970 618
10 2 10 93
471 104
395 611
575 447
71 184
118 238
438 284
481 186
676 532
499 954
845 221
189 923
698 294
6 3 84 61
906 884
754 388
206 12
278 301
17 410
949 115
950 749
83 719
382 633
9 3 78 18
549 996
955 704
619 793
291 107
310 776
534 974
853 379
917 697
58 327
519 194
772 390
195 483
5 9 24 9
208 914
290 190
732 141
972 515
289 822
107 52
409 257
56 566
821 698
848 458
922 793
848 36
758 62
204 697
9 2 17 96
775 192
139 107
432 92
555 739
973 953
40 465
640 393
899 572
563 642
599 483
803 11
10 1 77 71
631 507
525 575
461 53
85 968
371 282
730 966
382 68
526 261
508 361
174 602
841 162
5 10 42 14
834 225
339 614
530 727
333 688
620 407
593 827
553 658
36 366
182 101
497 607
664 817
594 44
907 573
481 923
796 859
2 5 38 75
380 944
313 782
612 295
751 884
236 267
944 630
788 373
8 9 67 86
216 95
139 830
862 232
701 170
827 798
983 798
326 238
191 702
587 355
236 670
452 849
164 998
5 5
271 816
898 630
955 584
84 92
8 3 38 96
764 299
952 481
21 333
323 390
617 133
870 958
12 143
219 631
32 580
437 931
924 251
4 9 4 90
165 49
813 135
351 132
943 962
60 510
474 571
18 919
583 733
71 924
561 49
822 449
963 670
1 820
3 7 77 90
844 271
291 377
34 67
857 368
347 170
765 739
171 386
131 579
317 250
817 519
9 1 15 14
320 459
444 264
950 294
970 37
103 398
646 71
750 27
599 660
930 202
406 922
7 6 6 65
201 196
90 786
91 396
301 908
800 507
930 363
481 234
169 222
772 194
557 430
551 587
455 615
84 169
1 6 77 97
935 525
876 870
65 552
358 827
112 723
169 340
775 55
7 2 26 24
310 127
922 420
780 287
829 19
126 695
16 537
271 504
846 922
101 244
1 4 57 53
932 910
925 925
421 956
226 850
425 218
6 8 78 38
391 622
149 557
99 307
972 535
571 91
411 474
254 292
896 729
125 481
845 243
586 132
670 641
755 600
165 545
3 10 44 4
753 279
968 495
176 199
44 541
237 685
285 613
94 156
983 520
166 32
165 979
583 331
185 598
151 813
5 5 21 53
431 522
950 820
95 134
377 739
111 848
752 927
358 619
951 127
617 143
229 344
2 9 24 74
430 594
215 18
331 330
2 661
970 289
867 204
280 592
696 69
345 14
655 948
506 144
3 2 18 3
662 514
863 174
457 401
269 201
506 975
2 3 7 91
967 6
471 144
803 417
460 732
83 437
9 10 24 31
431 138
786 408
938 432
512 879
132 865
833 52
425 626
700 23
395 625
314 830
195 782
564 974
638 647
553 482
720 229
110 720
561 525
533 18
173 687
10 2 27 20
558 811
149 112
917 741
48 286
2 387
776 333
206 673
656 190
230 738
475 607
207 451
112 829
1 7 49 96
905 378
608 73
426 792
67 684
976 341
221 25
546 756
831 699
10 2 90 16
543 303
577 668
423 325
244 339
309 455
517 145
993 887
272 225
715 615
881 264
684 888
25 134
8 2 81 10
417 141
137 65
258 221
228 900
197 517
935 571
736 308
794 340
503 428
538 988
9 2 81 68
795 791
838 721
671 703
648 591
43 88
423 587
312 722
953 67
727 129
965 271
705 892
6 10 92 49
86 675
531 250
13 850
839 361
771 137
752 675
723 221
631 558
34 209
184 594
426 458
591 534
106 215
61 620
439 516
948 84
4 9 2 61
590 114
536 742
386 925
413 585
492 379
312 184
744 871
5 731
470 405
165 498
731 880
89 658
803 1000
4 9 39 16
758 778
17 487
344 484
425 450
488 348
653 73
840 845
154 371
321 991
608 537
943 949
268 80
737 881
6 8 80 50
757 378
761 980
898 55
259 154
178 25
786 539
411 133
312 817
497 960
480 444
797 185
20 421
806 946
126 234
4 3 34 18
544 878
93 842
715 416
717 118
619 843
776 223
962 460
6 6 38 76
594 507
867 638
198 777
462 603
483 216
245 779
671 829
539 617
596 251
744 40
106 617
773 8
