18 37
655 574 585 737 460 988 944 292 129 192 282 919 676 778 802 957 806 841 832 750 772 192 585 680 396 110 724 976 833 241 71 920 746 951 524 204 45
175 604 601 311 52 958 749 768 480 401 315 353 183 53 314 55 40 774 813 257 814 209 800 375 915 384 294 26 646 44 279 722 799 666 553 164 483
207 430 715 666 270 214 548 88 558 883 873 500 972 893 308 111 405 400 684 244 640 68 380 815 148 431 735 708 447 763 206 57 930 935 644 645 132
329 666 351 838 711 103 185 689 140 776 186 474 940 581 703 76 856 394 917 721 653 186 714 488 779 653 145 645 986 881 676 923 831 456 857 681 52
199 268 481 1 948 641 481 908 388 925 431 108 270 556 929 36 829 167 644 864 204 957 625 758 10 334 400 644 827 333 23 422 722 799 264 704 66
954 444 333 835 290 765 966 796 979 874 797 225 5 628 740 59 441 505 26 469 276 789 555 400 634 292 485 551 880 83 553 205 977 68 817 427 431
615 526 688 589 541 404 312 909 675 322 912 48 901 163 17 940 825 454 97 776 367 591 57 741 862 783 384 157 683 361 852 993 494 688 390 167 927
246 454 300 191 539 968 252 296 51 452 279 413 1000 894 100 758 696 279 666 338 304 237 346 494 717 204 983 477 298 424 110 354 608 494 50 571 374
243 579 980 935 753 499 912 142 297 695 460 235 51 670 911 529 724 486 215 649 674 87 982 375 333 345 941 242 551 610 892 48 874 730 661 464 608
161 493 921 623 849 210 708 340 489 628 734 551 171 74 238 823 879 597 158 810 536 177 915 451 399 52 207 955 536 986 418 455 544 582 130 223 834
630 260 403 458 478 376 947 956 64 120 27 143 570 199 900 244 26 474 586 822 414 665 886 722 26 684 345 288 824 771 4 164 26 312 878 894 519
768 285 507 447 778 369 794 725 23 417 881 262 119 839 944 266 156 78 743 110 431 384 230 22 812 930 893 902 311 212 204 146 343 771 831 865 931
206 222 782 434 256 439 989 180 566 656 484 204 270 815 506 325 763 708 540 398 141 252 439 197 443 839 53 337 904 738 137 336 399 464 64 743 90
477 104 751 765 369 735 892 361 699 559 803 515 352 18 821 12 356 526 328 734 829 753 279 893 640 983 137 935 502 763 6 613 458 999 892 201 126
142 984 959 693 403 553 994 317 947 292 498 786 750 924 463 772 666 491 259 993 207 420 328 962 466 997 429 914 922 866 582 13 224 888 778 677 495
938 203 857 474 241 147 787 536 22 955 114 165 616 775 352 881 669 596 262 222 778 764 711 293 839 601 12 466 834 798 527 280 212 984 519 617 982
941 490 654 494 629 266 923 637 979 20 920 428 359 279 727 920 260 158 551 100 266 586 676 801 799 889 501 885 873 932 410 226 379 154 161 420 829
179 693 474 383 962 206 702 941 818 995 96 388 591 463 935 124 918 828 669 715 160 811 257 151 122 870 338 58 421 335 787 34 668 892 859 358 666
1
7 7
