1000
10 37 85
43 47 33
54 93 10
17 52 13
53 85 73
95 33 26
55 3 20
63 38 11
13 78 5
2 76 15
41 35 64
13 66 1
4 38 5
40 9 35
13 9 61
80 65 25
30 83 16
36 17 39
54 13 86
33 60 68
43 89 76
6 56 93
11 83 30
95 11 94
45 4 63
0 32 79
14 59 83
15 48 19
76 5 76
80 25 64
7 13 7
11 78 3
0 71 40
80 2 41
25 74 22
17 37 79
79 94 60
70 59 36
17 43 82
94 30 1
13 28 46
84 90 42
68 88 23
28 58 46
65 81 74
57 52 31
32 47 87
72 40 83
80 46 30
12 8 16
31 80 31
45 62 57
17 78 67
91 86 25
45 38 11
73 60 73
75 63 74
75 9 23
90 77 46
33 18 17
71 35 27
93 26 48
47 12 95
73 79 96
82 89 7
34 54 33
16 54 82
32 14 83
24 64 84
4 45 66
82 45 77
10 22 55
0 30 70
25 65 34
90 14 81
5 36 8
27 97 67
4 79 33
43 30 26
73 29 39
39 39 55
35 16 42
77 18 99
15 40 98
16 66 96
33 35 34
79 13 6
63 18 95
47 52 75
25 55 35
30 57 67
17 32 44
95 85 18
95 88 7
45 19 56
57 14 13
21 60 67
59 19 85
14 63 94
67 53 15
82 35 76
90 69 64
66 19 66
95 24 55
16 39 79
82 97 70
14 60 30
23 89 93
1 42 57
40 29 7
65 88 97
76 78 55
46 59 25
5 47 66
64 20 30
2 21 41
96 33 27
40 31 94
5 95 26
69 25 52
18 57 73
27 81 7
92 3 36
66 68 37
64 96 55
83 25 47
14 65 87
54 28 35
28 81 52
100 27 67
37 17 62
58 18 38
63 74 95
12 71 89
1 95 53
0 42 24
75 97 39
67 43 16
53 92 12
85 2 99
100 37 76
64 16 62
24 100 35
90 63 36
87 22 56
76 70 22
90 22 23
64 70 73
98 85 64
1 12 64
83 88 33
87 5 14
81 4 75
69 11 77
15 74 4
30 25 5
1 55 20
95 22 15
72 82 11
13 35 36
52 39 2
37 65 24
35 97 48
54 36 40
61 34 14
54 73 68
20 28 98
13 55 55
100 70 91
36 93 63
96 95 29
20 60 75
1 81 66
69 18 21
45 3 87
65 18 82
32 98 7
36 22 35
82 19 81
8 47 90
6 54 76
52 91 16
19 41 36
88 56 9
84 24 17
47 53 21
74 98 45
47 8 15
67 1 56
76 58 19
95 52 21
70 87 37
87 37 39
19 87 86
60 87 90
71 75 25
7 78 53
21 53 4
16 35 59
52 37 89
22 95 30
2 57 53
23 76 96
47 39 84
52 10 20
53 6 61
44 31 91
53 77 48
61 55 7
13 82 4
69 74 98
93 79 38
65 39 45
11 99 88
14 58 26
36 69 53
30 17 52
100 74 54
0 53 42
41 12 92
58 90 100
100 64 45
80 22 42
35 99 22
28 74 83
25 2 9
25 68 86
57 48 78
87 12 14
59 96 91
63 73 6
71 83 38
84 58 8
15 87 67
94 75 65
90 16 86
6 27 73
100 60 84
0 55 55
26 2 42
98 83 39
86 82 81
92 40 17
80 33 25
28 44 77
99 35 58
37 73 10
23 3 100
46 54 18
69 96 28
12 100 82
57 71 100
69 3 81
33 17 14
77 88 1
68 82 88
34 67 6
5 20 37
66 22 24
57 27 68
66 16 67
50 58 100
12 98 95
57 76 73
65 34 26
24 66 29
100 17 30
34 10 100
78 22 46
13 64 55
44 35 57
31 46 91
53 61 85
86 25 64
87 28 17
6 36 66
8 31 78
84 26 67
46 18 82
84 98 55
67 14 93
56 44 57
37 62 67
74 29 63
85 84 21
16 81 32
51 52 94
78 23 25
97 10 91
62 17 79
97 37 34
9 77 77
100 89 79
78 13 34
16 74 2
71 76 48
67 77 35
39 5 38
73 93 3
48 39 20
19 53 6
42 62 90
58 85 42
91 24 30
92 55 47
56 56 52
7 21 17
51 16 84
38 2 57
54 83 44
75 55 81
36 65 62
17 17 24
23 24 41
60 4 61
23 65 87
99 70 86
93 94 28
82 55 91
92 67 54
45 70 62
62 44 84
100 6 31
88 64 68
47 27 8
77 31 9
57 98 14
75 33 74
23 79 47
94 11 37
87 93 35
48 46 58
6 74 68
60 83 20
35 55 63
61 11 97
74 9 58
24 81 77
19 77 72
49 11 58
44 7 12
38 91 22
27 69 53
1 7 59
38 8 35
93 6 84
0 92 67
27 5 38
52 72 19
29 21 13
9 100 8
23 5 33
13 9 38
6 57 10
52 36 12
67 43 20
91 9 77
34 21 80
75 52 73
19 54 59
40 29 19
36 60 91
43 72 63
32 96 39
19 8 1
33 84 61
64 85 30
16 46 80
91 41 56
91 48 60
83 27 46
64 88 26
5 92 68
31 43 35
17 55 29
85 9 98
37 24 17
37 43 86
17 79 13
20 2 14
49 48 55
100 23 20
31 9 89
97 7 12
79 91 11
75 96 31
80 53 38
21 81 30
75 83 75
47 25 9
46 60 87
97 24 78
51 82 15
45 94 28
70 35 42
31 8 81
61 85 22
34 26 6
58 36 22
88 58 41
71 75 75
76 82 99
82 86 16
84 75 56
57 28 81
60 81 24
61 30 32
74 3 72
79 48 76
75 37 68
16 11 38
74 35 91
24 29 11
41 9 44
22 64 65
83 45 78
7 29 86
15 81 62
49 73 97
78 28 94
82 70 56
34 44 71
79 74 13
63 42 23
4 1 83
98 6 75
89 80 48
98 4 46
56 91 37
38 87 35
78 12 41
21 6 39
1 23 28
28 1 34
54 31 99
100 87 47
38 42 11
43 54 4
99 60 89
65 46 89
47 32 85
53 48 15
35 72 76
10 72 100
16 10 4
49 78 52
9 72 95
17 69 21
51 66 33
81 13 32
79 87 63
8 64 34
9 67 98
50 22 62
40 76 92
7 83 47
30 94 18
18 28 91
32 71 93
0 27 62
66 90 100
41 98 74
83 12 56
43 81 99
51 34 61
53 46 81
2 96 76
20 56 46
73 4 82
67 45 63
20 94 40
77 46 25
96 97 9
55 77 36
73 43 35
11 73 54
20 60 5
36 12 28
12 3 26
93 85 66
54 98 4
79 12 10
56 1 93
10 33 56
4 64 60
33 12 86
80 32 67
10 28 72
26 20 90
1 22 6
74 32 16
62 46 1
65 69 32
84 69 3
4 95 82
85 73 67
2 59 23
54 84 77
79 29 41
77 83 58
67 56 15
52 29 5
27 23 13
50 22 39
65 77 76
27 63 72
63 93 100
23 100 5
15 81 30
92 7 98
3 83 27
51 22 21
84 38 75
91 22 82
4 17 11
77 21 90
24 98 37
78 71 68
100 66 7
89 8 11
18 82 44
1 52 5
44 71 96
73 7 6
32 77 66
34 38 11
54 99 95
17 73 94
57 85 91
6 26 84
96 31 25
83 62 4
8 88 1
47 66 68
19 13 36
70 100 38
5 98 52
69 39 59
82 94 57
10 36 76
45 83 96
8 7 32
75 18 61
43 44 59
8 92 17
57 58 89
67 7 97
33 20 79
19 90 69
71 52 15
80 5 56
10 38 38
57 92 78
77 91 2
1 13 64
12 72 83
87 47 83
100 63 3
17 2 33
97 82 93
34 16 89
4 42 74
96 44 13
17 53 33
93 91 57
45 54 78
54 47 14
79 88 11
61 56 2
79 31 94
22 34 52
4 99 54
74 86 67
19 32 19
94 53 82
82 24 95
10 34 82
78 53 78
82 77 39
16 86 48
75 31 59
87 57 12
90 37 82
46 4 73
63 47 47
7 52 70
68 55 29
85 33 65
31 57 62
55 93 15
44 5 97
93 73 87
76 85 40
40 67 34
58 20 22
50 27 13
20 71 63
23 7 3
63 53 74
80 60 28
55 47 53
88 7 40
12 65 66
5 77 3
59 60 85
63 97 5
99 26 64
99 62 71
39 62 100
0 34 29
66 20 11
52 27 3
34 5 87
32 10 75
10 32 14
74 83 52
28 89 30
66 96 69
76 7 28
52 96 17
51 57 31
8 20 80
35 43 32
15 27 85
14 81 78
56 83 72
61 6 25
30 65 81
2 47 93
97 18 34
85 85 34
47 88 70
89 80 24
1 87 71
27 65 77
88 5 55
5 5 86
41 20 71
95 59 36
52 71 59
49 60 88
21 26 87
4 86 31
15 12 1
67 48 15
34 74 94
18 89 10
38 13 28
100 45 18
56 48 75
11 10 80
37 59 59
45 58 33
94 73 33
6 53 79
56 30 6
87 81 48
93 8 68
81 38 43
100 9 27
54 69 77
76 9 32
8 58 1
100 26 16
54 84 33
84 71 12
49 79 11
100 89 76
95 11 94
91 61 19
90 78 19
73 94 6
97 81 53
34 59 57
66 69 9
76 84 67
39 81 80
46 69 58
22 75 38
22 20 89
83 77 98
23 35 44
42 7 15
73 67 79
93 62 100
79 100 64
31 90 6
20 46 39
79 69 11
52 56 84
98 57 37
71 28 11
42 12 84
25 54 15
69 91 72
59 78 24
67 67 62
66 92 12
4 11 83
19 80 12
97 16 13
48 21 33
3 53 40
73 91 41
99 95 91
43 97 35
50 20 90
43 48 99
0 15 62
51 9 46
21 99 3
32 74 85
9 10 84
55 83 24
60 34 72
13 47 81
70 25 2
28 9 52
46 100 56
67 58 20
89 84 47
37 3 58
100 39 9
75 28 25
38 18 100
6 97 77
32 15 55
44 26 6
25 23 43
4 25 17
79 7 62
94 30 5
95 62 96
30 15 68
77 23 24
65 48 46
37 26 33
67 94 53
31 40 41
70 16 5
100 98 41
68 63 40
76 86 17
79 6 20
83 83 38
49 37 81
0 10 42
16 81 80
70 70 72
76 10 62
61 63 52
39 5 87
28 11 21
48 16 37
52 60 75
49 35 2
59 75 48
90 72 20
13 42 34
24 26 19
45 58 69
41 58 27
75 69 6
76 41 73
34 29 37
89 42 1
55 58 79
13 45 52
75 68 11
97 14 17
89 86 90
3 82 67
69 82 83
6 33 77
96 67 6
85 85 71
61 95 87
76 77 73
39 62 19
1 97 39
16 43 68
26 7 46
76 47 70
78 28 15
24 8 15
98 38 32
50 42 68
41 85 37
72 84 72
93 61 47
29 75 87
10 34 81
66 26 38
33 56 65
95 44 79
2 42 20
100 1 1
70 42 40
22 61 99
83 53 23
36 41 40
16 66 92
7 54 41
21 94 36
21 52 78
71 86 34
52 79 95
79 48 79
88 17 100
13 64 42
50 96 59
92 10 71
77 61 9
89 41 20
13 68 39
41 85 26
66 43 12
34 98 65
85 7 21
100 55 38
21 66 14
84 79 48
63 39 40
3 98 22
55 94 1
34 78 21
15 70 53
5 74 9
16 58 27
24 24 77
80 80 99
90 67 82
19 95 1
99 8 47
39 42 75
77 75 53
31 15 100
82 47 30
24 57 38
89 48 41
15 100 82
62 17 11
67 73 45
45 24 7
65 91 93
58 63 62
95 20 58
30 86 56
22 41 17
81 45 30
94 7 87
44 65 58
75 97 59
29 72 80
16 86 46
3 38 18
99 61 22
37 33 18
17 81 100
32 68 96
98 28 93
13 15 91
19 7 99
31 9 97
17 75 28
87 20 40
79 70 92
95 95 17
92 4 28
64 76 28
97 87 65
5 4 81
53 70 66
7 68 97
72 45 65
52 79 8
20 18 1
63 5 13
2 36 39
3 96 47
35 45 55
34 68 35
89 99 82
94 29 61
2 35 88
44 33 42
31 3 8
58 27 76
96 46 59
13 94 70
5 100 52
50 78 61
77 97 48
54 72 3
73 32 97
99 13 4
55 68 37
70 15 34
84 74 99
13 63 44
22 89 58
53 52 65
44 95 98
4 57 29
80 66 44
66 17 16
30 5 25
91 77 4
97 44 60
20 41 6
34 66 96
84 79 64
55 94 27
62 86 17
38 27 52
55 36 81
36 98 27
82 20 52
55 71 19
23 17 75
30 41 28
4 8 40
97 48 53
46 13 67
70 88 73
76 45 72
36 61 83
0 44 99
12 25 45
42 35 78
86 89 75
86 67 92
51 72 5
7 34 65
19 67 40
57 26 71
79 4 33
42 65 78
19 61 77
28 2 36
49 22 17
55 71 46
92 80 87
24 60 67
99 99 99
57 76 70
33 34 86
16 53 10
100 47 93
12 55 55
52 71 98
8 78 93
99 92 60
66 96 69
26 26 94
73 6 68
78 12 26
82 93 96
59 30 79
97 44 64
2 67 55
13 69 20
13 99 9
20 56 69
28 75 45
57 41 42
21 17 22
0 65 91
58 20 9
83 56 97
42 13 34
41 48 10
34 64 3
62 48 83
38 4 40
57 87 8
18 75 8
44 62 13
56 92 59
71 28 4
91 83 54
25 12 74
72 96 80
17 89 70
67 68 52
61 65 100
75 71 84
48 100 7
97 88 98
65 89 98
12 72 15
43 99 74
56 6 32
3 31 48
1 45 6
32 67 10
47 2 34
48 64 69
97 76 47
88 76 98
